common:
    lid_topic:  "/points_raw"
    imu_topic:  "/imu_raw"
    time_sync_en: false         # ONLY turn on when external time synchronization is really not possible
    lidar_time_offset: 0.0      # begin time = lidar timestamp + time offset

preprocess:
    lidar_type: 4                # 1 for Livox serials LiDAR, 2 for Velodyne LiDAR, 3 for ouster LiDAR, 4 kitti
    scan_line: 64
    scan_rate: 10                # only need to be set for velodyne, unit: Hz,
    timestamp_unit: 2            # the unit of time/t field in the PointCloud2 rostopic: 0-second, 1-milisecond, 2-microsecond, 3-nanosecond.
    Horizon_SCAN: 1800           # lidar horizontal resolution (Velodyne:1800, Ouster:512,1024,2048)
    blind: 2
    point_filter_num: 4

mapping:
    down_sample_size: 0.5
    max_iteration: 3
    voxel_size: 3.0
    max_layer: 3                # 4 layer, 0, 1, 2, 3
    layer_point_size: [ 5, 5, 5, 5, 5 ]
    plannar_threshold: 0.01
    max_points_size: 1000      # #todo
    max_cov_points_size: 1000  # #todo

    fov_degree:    360
    det_range:     100.0
    extrinsic_est_en:  false      # true: enable the online estimation of IMU-LiDAR extrinsic,
    # Lidar in IMU frame 2011_10_03, seq 00-02
    extrinsic_T: [0.81054390348647953335, -0.30705435920607715428, 0.80272405827689863322]
    extrinsic_R: [0.99999760000000004201, -0.00078540269999999995, 0.00202440599999999986,
                  0.00075530710000000002, 0.99988980000000005077, 0.01482454000000000063,
                  -0.00203582600000000013, -0.01482297999999999949, 0.99988809999999994638]
#    # Lidar in IMU frame 2011_09_26, seq 03
#    extrinsic_T: [0.81054390348647953335, -0.30705435920607715428, 0.80272405827689863322]
#    extrinsic_R: [0.99999760000000004201, -0.00078540269999999995, 0.00202440599999999986,
#                  0.00075530710000000002, 0.99988980000000005077, 0.01482454000000000063,
#                  -0.00203582600000000013, -0.01482297999999999949, 0.99988809999999994638]
#    # Lidar in IMU frame 2011_09_30, seq 04-10
#    extrinsic_T: [0.81054390348647953335, -0.30705435920607715428, 0.80272405827689863322]
#    extrinsic_R: [0.99999760000000004201, -0.00078540269999999995, 0.00202440599999999986,
#                  0.00075530710000000002, 0.99988980000000005077, 0.01482454000000000063,
#                  -0.00203582600000000013, -0.01482297999999999949, 0.99988809999999994638]
    extrinsic_q_en: false


noise_model:
    ranging_cov: 0.04
    angle_cov: 0.1
    acc_cov: 3.7686306102624571e-02
    gyr_cov: 2.3417543020438883e-03
    b_acc_cov: 1.1416642385952368e-03
    b_gyr_cov: 1.4428407712885209e-05


publish:
    pub_voxel_map: true
    publish_max_voxel_layer: 1         # only publish 0,1,2 layer's plane
    path_en:  true
    scan_publish_en:  true       # false: close all the point cloud output
    dense_publish_en: true       # false: low down the points number in a global-frame point clouds scan.
    scan_bodyframe_pub_en: true  # true: output the point cloud scans in IMU-body-frame

pcd_save:
    pcd_save_en: false
    interval: -1                 # how many LiDAR frames saved in each pcd file;
    # -1 : all frames will be saved in ONE pcd file, may lead to memory crash when having too much frames.

log:
    enable: true


# ground truth in IMU frame
ground_truth:
    ## CAM in IMU frame  2011_10_03, seq 00-02
    extrinsic_T: [1.10224300227947114017, -0.31907193090961522008, 0.74606594262356318303]
    extrinsic_R: [0.00119668989553408842, -0.00924124339776233664, 0.99995649322788893176,
      -0.99997657794423655542, -0.00674880835719474624, 0.00113434291244420417,
      0.00673803681368952308, -0.99993453087949002445, -0.00924910323549299994]
#    ## CAM in IMU frame  2011_09_26, seq 03
#    extrinsic_T: [ 1.08330189300022761145, -0.30988888740743336658, 0.72991985432037043147 ]
#    extrinsic_R: [ 0.00099874720565658586, 0.00841690182755469238, 0.99996404869665578286,
#          -0.99999038207107726617, -0.00425082113606806318, 0.00103455328422636912,
#          0.00425937848763790951, -0.99995556967527865488, 0.00841257520873364695 ]
#    ## CAM in IMU frame  2011_09_30, seq 04-10
#    extrinsic_T: [ 1.14389863581242856583, -0.31271845752719351630, 0.72654609868380570781 ]
#    extrinsic_R: [ -0.00108863514261120509, -0.00851207213646971821, 0.99996317699679981850,
#                  -0.99997634720092720695, -0.00677767115180164144, -0.00114634292562334908,
#                  0.00678718180040792981, -0.99994087157728128723, -0.00850449310298538250 ]